12 26 2
0.08573294799824997 0.011412162703425497 0.03218657119558631 0.036522617895897905 0.1502971147111322 0.011751076822587702 0.010251638598415526 0.010261908723238622 0.0764590252829933 0.006722823709199362 0.0003306980193037266 0.060431468484067954 0.02818943861443692 0.06874205349091812 0.05426117749035122 0.026755729189132566 0.01165248362428597 0.06702899667042553 0.07767090001211875 0.08019529669363601 0.06427454919287089 0.018703951327824438 0.0006285316391735425 0.0039930245312201525 0.00403615905547716 0.0015076543240306543
0 1
0.08196120610683733 0.00946352861044232 0.030173147762960217 0.03900943874086895 0.15751963081353368 0.01169873625627507 0.010628552460560547 0.00909817885540987 0.07541724235298175 0.005355229890136419 0.0002392555917911622 0.060301030954500484 0.03240296676933821 0.07252462069366877 0.054426336220925596 0.028490814525185423 0.01136895152164401 0.06798199763330955 0.08078109406624578 0.07017409616350426 0.06294793065467659 0.01804116489452277 0.0004957548298375434 0.004618064012725811 0.00285597891102063 0.0020250507070972692
0 1
0.06722191131448135 0.013694571550844388 0.032771504756888434 0.0375283931922178 0.15515027817098462 0.016805477828620338 0.014073147447081673 0.015439312637851005 0.06664581755933766 0.006155973269249762 0.002287915198999243 0.05199657635711229 0.03420350923395991 0.06654705862988446 0.06223458537709451 0.028261513645192086 0.00898706258024163 0.07416795601935675 0.08274352306021003 0.07217631760871712 0.05994667017809527 0.012608223326859137 0.004740428613753827 0.005184843796293248 0.007374000065839287 0.0010534285808341838
0 1
0.08734270216777686 0.01168417856513639 0.030644260433105548 0.03758279573117018 0.14956085931379348 0.011001945488827497 0.009725569870788054 0.011592339497171731 0.07558730146830053 0.0038478695210498893 0.0002942598708255395 0.06594045079862504 0.029463472416417075 0.06803962949496009 0.05455240637100734 0.027435515854421957 0.010700188551229332 0.06722619775013026 0.08256894490030775 0.07618144401003107 0.06294537262296127 0.01646543289937812 0.0005529086744811093 0.003965948322718737 0.0038291268541183264 0.001268878551266817
0 1
0.07682457598423985 0.010878197432819281 0.033219441622802964 0.03658078616061809 0.1523440145288885 0.01233724258934343 0.011050574075784159 0.012688152183950504 0.07345707513774741 0.0081817342321544 0.0008618832148243913 0.05573921876442885 0.03158186351463663 0.0677255517591652 0.06071351617570105 0.0277895773694093 0.012146397020346601 0.06831655739218764 0.07966263428448303 0.07214578138947887 0.06698679471788715 0.015895589004832702 0.0017730168990673192 0.005048173115400006 0.004518730569150737 0.001532920860651953
0 1
0.07302704705446461 0.011596887736198592 0.035624305298258614 0.03601333827343461 0.14523897739903668 0.01400518710633568 0.015227862171174509 0.016617265653945907 0.0708966283808818 0.007817710263060393 0.002593553167839941 0.04944423860689144 0.030344572063727305 0.06884031122638014 0.07358280844757317 0.02573175250092627 0.011022600963319747 0.06802519451648759 0.07523156724712857 0.0725453871804372 0.05946646906261578 0.017024824008892183 0.005335309373842164 0.0033901444979622082 0.008595776213412376 0.0027602815857725085
0 1
0.07597342885768793 0.012640507267262322 0.03129589217825723 0.033735468906548084 0.12559531162075732 0.029456773857070313 0.019245549745405634 0.058968446768504414 0.0796276471637776 0.0012969901593445053 0.005256584455332757 0.04081058453768134 0.02507857427155817 0.07055900962105928 0.07504014493350351 0.018672540865483592 0.001156311332537297 0.05928068514019846 0.06778660737568795 0.09695516119734837 0.0265642799302782 0.008921096334115645 0.018030908167606812 0.0019317604754258107 0.015745735029714113 0.0003739998078533097
1 0
0.08153375994056765 0.015369218891261202 0.02229327226372493 0.05073852987811149 0.12140808016000074 0.021616369683973985 0.02228559763130145 0.0701077671884905 0.06783454106465571 0.0012386856731496844 0.009363051556645694 0.04352591032652491 0.025676250235994947 0.06434872301791106 0.08056061654927037 0.016173520369241915 0.0005863419171538779 0.05818445825537186 0.06175930203822888 0.08406331878734669 0.029826691450612973 0.008412932062618861 0.02428407191437566 0.0007122058888989512 0.01690721522892661 0.001189568025639412
1 0
0.08129019313605214 0.014498266352610712 0.02483745096359027 0.042437263700412356 0.12926175254090636 0.023690046000698056 0.021407776019863274 0.06063481381316736 0.06529340336195924 0.0009739357244221698 0.007647276428456479 0.04253131328753467 0.023995184661139337 0.07080052918567688 0.07874667430209982 0.018594648369493656 0.0009049660271991406 0.061372580574371276 0.06078111317091318 0.09403286719571301 0.02409968420238635 0.009294189198509419 0.02332429760633351 0.0012937043206380323 0.017886141479838902 0.0003699283760144293
1 0
0.07689896712751029 0.014437786110280416 0.026670078903176832 0.04847484529916496 0.13254238457822456 0.0250799383497044 0.01719537162706172 0.056828115295254306 0.07067067700305951 0.0014434910630075222 0.005060845161141911 0.03658185917048147 0.03032193876377355 0.07004382231832716 0.07261737710197604 0.017638195578661635 0.0009316555864829426 0.06002852476363553 0.06088254238457822 0.08735421315359665 0.029939499896482712 0.01101021370568885 0.02200605001035173 0.001946700098916519 0.02278242966575418 0.000612477283706379
1 0
0.0821576811360103 0.014849129041469683 0.021742955461266214 0.04536945429162328 0.12197457649118658 0.021356439670365487 0.020465145794333218 0.0648077372384889 0.07091699429168097 0.001130702910694661 0.008050489346297958 0.04172351429387315 0.026193655949026066 0.06481062168468965 0.0792559282580541 0.015449093851226035 0.0009662894772518151 0.05971957414036292 0.06125698396536357 0.0885813428250843 0.029848249285378454 0.00966289477251815 0.02404185908326531 0.0014220319769705815 0.023782258925197655 0.00046439583832102153
1 0
0.07597601428935953 0.014659351875478439 0.027966317938249552 0.032444501148252106 0.12074508803266139 0.021638173003317173 0.018742026027047717 0.05538402653738198 0.0685251339627456 0.0031257973972952284 0.007246746619035468 0.03906608828782853 0.031104873692268435 0.06368971676448074 0.08599132431742791 0.01849961724929829 0.0006889512630773156 0.05974738453687165 0.06763204899208981 0.08796886960959428 0.037318193416687934 0.010461852513396274 0.021510589436080634 0.0010589436080632815 0.028706302628221485 0.00010206685378923195
1 0
